2003
1991
1990
2020
2006
2012
2020
2009
2010
2011
2002
2007
2001
2020
2009
2016
2012
2020
2016
2017
2002
2020
1994
1991
2020
2020
2016
2020
2002
1991
1997
1995
2018
1991
2014
1995
2020
2020
2009
2020
2013
2003
2020
2002
2020
2002
2004
2001
2020
2003
2009
2006
2000
2006
2010
1994
2007
2020
2020
2020
2020
2020
2017
2011
2001
1996
2020
1994
2020
2007
1994
2007
1997
2006
2013
1994
2008
2008
2020
2020
1999
2007
1993
1995
2020
2020
2016
2011
2020
2002
2013
2017
2016
2008
2018
2003
2003
2004
2010
2020
2006
2001
2020
2015
2018
2017
1992
2001
1993
1995
2003
2014
2008
2013
2020
2017
2020
2020
2006
2015
2007
2005
2017
1998
2020
1999
2020
2009
2003
1994
2020
1994
2020
2015
1996
1997
1993
2020
1992
1995
2020
1990
2020
2020
1991
1990
2012
2007
2013
2000
2002
1996
1996
2015
1993
2013
2013
2009
2020
2020
2002
1997
1998
2004
1996
2015
2016
2005
1999
1995
1993
2004
2013
1998
2018
2020
2018
2020
1990
2009
1990
2006
2002
1991
1992
2020
2020
2005
2010
2020
2016
2020
2010
1994
2001
2014
1996
1993
1993
2001
2020
2020
2020
2007
2020
2016
2014
2020
2015
2015
1996
2002
2005
1995
1999
2005
2020
1997
1990
2001
2013
2020
2017
2011
2005
2007
1993
1991
1991
1997
2000
2007
2006
2015
2008
2020
1996
2020
2020
2014
2004
2008
2020
2020
2012
2020
1996
2011
2020
2010
2007
1994
2007
2014
1991
2002
1996
1992
